1{
1, 10, 11000000, 1000000000, 10000000
2, 20, 22000000, 2000000000, 20000000
3, 30, 33000000, 3000000000, 30000000
4, 40, 44000000, 4000000000, 40000000
}
2{
1, 10, 11000000, 1000000000, 10000000
2, 20, 22000000, 2000000000, 20000000
4, 40, 44000000, 4000000000, 40000000
}
4{
3, 30, 33000000, 3000000000, 30000000
4, 40, 44000000, 4000000000, 40000000
}
5{
1, 10, 11000000, 1000000000, 10000000
2, 20, 22000000, 2000000000, 20000000
3, 30, 33000000, 3000000000, 30000000
4, 40, 44000000, 4000000000, 40000000
}
